536
744
1947
122
671
490
1299
561
1210
477
3159
605
628
391
387
1249
116
453
364
330
590
336
810
159
1330
581
793
729
278
507
448
1456
1757
665
2706
411
2286
2121
638
263
187
337
513
1111
1459
338
2018
1477
274
175
1755
367
232
878
472
566
394
474
690
1180
435
2688
1241
450
1685
946
339
1699
1097
479
572
814
253
650
662
222
951
1169
396
273
684
193
203
656
1547
331
1026
488
867
717
507
349
507
1367
241
628
60
590
3590
3498
1626
2240
152
856
682
321
960
2084
561
1451
1211
524
426
984
670
830
706
1069
359
7357
1266
2531
418
244
140
397
590
717
483
656
122
1537
705
301
1296
1860
1595
524
118
651
727
396
789
848
477
669
436
958
1894
355
380
695
366
557
1046
503
322
340
1873
566
4177
985
895
1165
502
184
236
320
212
108
822
392
914
226
3092
585
570
3597
385
1283
1295
883
466
382
90
951
1453
5694
840
1305
2032
1192
1157
3465
1048
685
699
637
1073
67
286
380
419
420
176
751
1290
3338
389
520
325
1069
710
387
1105
395
839
1686
1243
611
640
1129
583
46
154
1596
867
318
93
704
810
247
132
530
344
189
135
138
749
306
706
1110
486
673
234
364
511
408
258
954
1344
528
1160
117
476
2232
673
893
1356
490
342
372
273
396
2118
184
1038
188
972
2501
803
68
665
225
210
1362
841
435
1135
352
513
363
1511
761
601
1358
1146
153
882
712
1666
652
162
1501
1213
948
377
3081
250
644
717
1348
454
957
1113
110
2994
1286
562
812
860
295
1113
548
1273
459
119
794
423
385
321
454
759
865
459
503
418
1136
126
129
86
231
895
168
450
768
938
2131
149
112
958
285
1523
710
103
967
785
1925
723
402
772
93
1683
2470
701
846
660
152
737
299
650
175
1357
247
914
660
241
404
415
555
1248
2082
830
3615
655
645
940
118
1295
281
1838
1088
2619
768
329
854
463
330
1073
105
233
1811
641
350
506
354
182
1094
259
997
2385
403
449
689
665
254
520
266
1524
555
1126
589
1917
365
686
476
247
434
1088
181
961
568
778
916
1193
1994
435
379
623
376
277
225
837
1472
749
603
484
204
513
543
1248
737
481
664
1490
910
1161
1011
659
571
336
219
1827
621
342
61
1943
240
721
1244
214
559
1464
686
163
1547
1240
813
1056
717
883
281
582
515
448
548
202
267
78
454
984
1454
829
653
760
143
933
241
1539
694
261
525
775
313
920
695
168
1070
308
478
879
2520
1565
952
748
1265
1758
594
245
926
320
415
923
171
1085
509
791
249
196
274
373
1140
2052
535
142
643
967
478
239
1698
827
1662
1554
1073
809
569
230
2494
1870
1365
695
1039
739
792
774
2151
663
162
4376
284
661
2460
814
1026
1262
849
439
455
131
564
695
924
999
482
971
471
2850
2848
1215
869
699
363
342
808
1787
1275
2243
809
369
460
529
388
1752
485
179
1002
226
1161
571
499
569
129
276
1317
3882
406
533
410
2429
1503
597
1092
748
330
492
1038
656
1081
66
1492
1228
614
350
665
362
626
221
1646
1057
1134
1069
643
339
842
658
1169
230
784
211
1564
1644
177
900
2668
2121
477
746
2106
526
1140
454
425
308
982
828
1507
1013
1456
902
6531
836
665
1458
747
862
235
203
457
94
751
644
770
652
546
1833
1352
2366
183
1128
326
640
1310
362
4608
1499
1339
1590
787
989
469
314
1009
1893
3025
314
1285
989
1391
814
557
457
129
923
99
525
553
1636
1191
1894
396
1142
1631
856
788
2794
543
434
550
253
387
134
2543
1360
643
131
1100
915
458
274
376
333
2975
552
1375
201
200
125
294
348
1630
1080
2248
122
550
1258
259
338
88
2086
1566
1276
1021
744
1372
887
705
305
347
184
590
278
2412
1629
357
1023
551
1540
183
371
138
1086
867
588
671
308
701
208
559
1939
1618
1441
638
472
2995
223
574
677
670
556
536
512
964
833
507
1267
163
188
930
2482
422
1298
929
206
2490
1061
712
336
468
346
119
1368
482
766
597
766
2024
694
345
643
728
3408
747
363
522
859
681
440
867
634
892
198
175
1425
539
618
794
591
688
1272
557
379
382
2743
5039
1429
1185
638
405
143
386
106
343
878
1273
66
1181
936
620
564
1917
107
871
1196
162
957
1679
153
277
308
201
383
344
346
705
206
547
409
220
2135
62
454
111
1438
2597
431
1123
1289
214
1363
290
100
434
847
551
581
1418
798
2056
1209
242
2362
206
1041
3650
393
136
263
839
979
300
1218
998
1246
282
1540
667
254
610
1953
1105
2051
2419
231
389
1032
141
856
1571
1424
88
785
1210
1968
423
112
81
719
188
2347
1367
1705
885
393
811
561
1212
364
512
578
636
1038
1241
933
440
839
1563
921
1474
142
422
49
1514
520
1081
237
986
440
1427
985
195
1043
162
923
3754
476
622
347
452
1939
273
6501
259
554
186
430
1060
404
230
1265
371
290
110
786
1583
3746
981
881
551
48
674
776
393
413
422
88
656
721
205
845
488
329
530
314
387
346
62
345
2509
335
412
2549
751
1869
84
98
376
2188
651
336
303
1049
941
547
396
130
129
1447
3036
1232
474
242
784
589
236
948
230
835
152
582
1649
562
316
1691
683
87
1148
1700
1262
326
1417
778
454
536
1845
138
613
745
786
480
819
740
131
617
884
71
257
355
106
918
284
1217
385
147
1781
364
1331
549
2496
3701
620
274
706
742
1383
258
741
578
378
652
249
612
753
821
766
539
707
1765
527
593
602
449
1646
680
905
570
423
441
274
326
639
662
330
1211
367
947
983
2445
290
843
286
195
1234
1082
637
670
572
492
194
917
75
3327
867
413
416
1475
173
162
458
1777
236
339
842
410
2294
1891
629
985
396
490
682
621
341
1420
1079
96
628
613
509
321
263
106
199
451
209
142
663
116
589
1131
376
323
1471
1316
521
642
699
611
892
451
247
636
865
510
1590
694
956
747
371
673
169
140
541
162
0
196
252
1351
244
1159
708
245
1328
206
119
2942
888
489
541
760
396
494
134
1098
1258
311
240
1151
472
195
243
1361
608
1136
1156
407
2619
1402
896
706
1737
1729
1090
292
1056
98
2592
1254
1428
2612
564
1911
945
2242
835
355
273
686
366
862
893
1607
141
380
933
1725
1186
791
823
591
1307
1053
309
2923
212
873
1468
643
902
420
319
847
704
635
832
793
239
3445
294
1015
1222
803
268
1029
423
514
1499
625
493
397
681
723
259
184
4477
448
314
135
278
1596
167
669
97
555
949
291
514
273
818
428
283
1700
698
1147
928
543
1257
1890
604
299
4423
937
2483
472
749
81
4159
168
509
845
1149
635
257
1572
281
901
690
1060
1399
814
270
1313
408
689
555
4032
508
1248
234
351
262
725
676
762
539
549
200
646
143
840
2083
147
327
456
96
425
1145
1759
516
1386
1004
4959
298
705
1206
1437
615
715
1139
1123
948
330
401
271
562
234
1034
591
811
233
378
230
711
455
960
1550
670
919
804
305
664
101
429
145
551
1000
140
685
793
1259
236
288
211
500
1176
1132
541
897
5414
372
334
533
1024
1903
97
223
666
486
344
183
690
1797
237
233
1324
708
562
380
0
189
812
211
388
827
637
413
1106
1839
445
437
308
563
2161
1146
788
208
655
2344
1043
412
192
1426
1848
105
901
72
312
322
245
185
249
487
570
1323
86
723
195
1001
1805
1292
419
1230
1469
235
334
1288
3729
1496
1609
1110
228
200
1496
1248
204
431
430
95
224
174
157
2170
318
525
1281
377
462
394
304
691
4556
658
302
76
447
936
578
578
678
496
743
384
1476
789
399
819
744
130
419
233
616
1173
1352
543
189
222
956
578
193
1077
1476
286
1232
1180
512
95
1826
572
2740
1198
683
339
1362
379
951
159
1218
479
643
1927
119
132
184
237
771
728
1108
480
412
341
139
1350
533
1654
963
4142
721
745
491
300
308
520
940
530
970
1345
245
2399
1029
530
251
447
456
1033
646
564
92
206
1102
493
491
495
644
136
1969
84
152
975
386
393
186
751
1498
550
631
135
2211
445
1154
266
666
1687
89
174
50
160
1435
348
198
389
1987
377
306
320
637
215
530
1358
3017
311
573
1482
349
106
398
608
446
297
1093
936
413
229
496
419
1109
412
499
628
771
120
533
1299
246
368
818
732
599
1565
2931
945
2597
481
3540
3376
1442
1211
700
1087
962
1911
148
331
973
731
407
1348
3096
617
541
127
327
787
724
1241
427
170
366
309
972
1092
695
1082
890
963
185
170
619
288
816
613
305
1141
1514
441
926
1340
872
2055
563
951
266
441
729
3436
2836
73
741
269
163
330
758
74
360
205
228
484
837
361
783
1267
194
524
283
1262
2326
904
399
608
622
580
260
274
1947
531
722
499
412
347
224
271
612
341
422
1338
1001
551
365
813
908
1182
190
824
1399
1029
638
1734
463
456
632
1314
101
756
534
711
917
643
2841
4852
689
704
260
808
802
3271
2544
96
321
932
424
1385
185
1051
370
246
508
316
227
1425
641
383
164
324
329
492
114
531
624
781
557
385
80
1329
786
535
244
392
775
543
797
4604
616
651
281
344
1354
124
184
708
437
696
1232
644
217
324
1305
341
253
1517
1865
605
1482
87
484
1098
226
154
388
1170
261
1000
269
503
451
146
302
524
732
352
234
804
531
2653
779
352
583
377
301
1032
469
333
489
971
1304
888
473
198
368
483
313
445
394
2168
256
1404
349
1410
1222
1864
751
1925
411
721
918
491
833
745
1861
501
1736
162
2438
420
513
1277
943
1763
604
347
533
711
1167
178
466
6445
292
291
355
535
597
485
324
2959
614
181
182
400
339
689
72
584
145
673
181
338
1338
1097
394
1652
718
1855
671
47
1140
836
756
331
1192
1254
669
33
88
1357
176
306
1080
616
642
852
570
475
305
1350
160
137
2825
1103
966
1498
359
1153
1412
1022
2227
518
468
1058
719
485
2617
321
177
1346
1816
517
1648
186
1128
754
129
543
351
176
418
83
455
705
1400
277
141
387
877
698
2480
1212
3482
279
901
256
277
428
482
387
774
859
514
840
167
281
689
605
164
1299
888
883
784
862
1135
917
622
777
198
285
1384
471
204
1701
706
629
1956
346
1554
1367
232
47
513
317
505
841
1167
545
332
576
228
262
387
537
872
325
306
944
1415
200
2232
470
879
665
1040
683
447
674
2085
597
640
565
1163
731
1968
672
704
234
192
455
1517
2732
5481
935
487
834
650
132
1981
319
1375
440
736
201
1625
2182
245
710
214
1652
233
1498
197
519
1013
1228
349
242
298
381
664
703
1234
111
518
125
739
795
432
571
174
1547
743
789
441
517
84
1481
618
1592
317
178
1130
608
302
317
369
377
623
2241
733
260
1008
581
492
926
198
464
629
100
195
1222
198
2755
307
1715
2314
1419
779
250
306
568
567
953
1815
642
1315
2916
1212
651
410
1031
227
587
430
2382
466
920
540
2513
451
674
982
131
552
1169
123
434
202
345
2010
1137
529
825
1295
134
329
983
513
117
1153
2374
580
949
149
471
291
1369
624
767
197
584
716
993
1081
718
411
387
104
2369
538
2049
544
748
1880
146
274
681
1112
201
534
517
648
208
374
2528
352
547
267
1313
1063
807
878
37
416
656
1186
706
419
2221
1290
287
2604
757
160
431
576
424
287
1648
140
431
262
507
237
3340
273
101
747
98
360
800
1086
638
2165
734
603
267
732
323
360
489
643
413
985
2082
586
944
287
881
1980
1053
292
153
151
3887
891
431
1337
865
388
1078
356
618
394
187
915
130
465
129
334
1156
1047
477
1219
673
417
441
628
1735
530
765
637
1141
146
222
141
3406
132
608
478
1204
1392
486
620
1503
340
590
2359
1095
3370
748
527
527
487
109
507
725
1310
3364
1463
660
2709
576
845
1265
921
140
228
878
738
810
278
1054
947
362
965
1151
155
60
495
1204
2870
389
350
119
974
925
183
859
330
1127
968
1097
680
1035
1588
776
1998
236
174
955
451
903
270
392
178
849
1070
236
999
1013
301
193
241
637
616
929
817
1383
492
2631
446
1141
268
364
179
1686
543
1549
358
770
312
1854
760
505
639
486
399
975
842
413
621
679
355
483
273
1266
1446
516
196
479
1840
484
918
1505
3590
514
536
1698
325
520
301
135
2055
1693
575
472
609
624
3918
475
723
989
1153
786
472
1234
838
98
698
1269
158
2122
585
462
919
408
488
911
549
292
1305
174
605
1781
158
421
1896
1585
265
635
492
585
148
1844
148
889
1527
792
334
726
126
409
376
116
1272
483
1037
636
188
650
1063
759
571
901
844
349
1089
744
1172
165
1484
1200
693
27
297
154
378
2892
720
353
1659
564
1731
416
86
1075
606
1474
279
534
530
175
856
422
952
1098
100
823
1400
683
236
1028
251
721
915
353
1224
907
899
357
310
1061
427
595
536
380
644
654
595
1493
2859
85
466
487
131
2187
457
87
269
610
1762
194
683
1852
619
296
232
641
1594
315
1112
591
236
168
280
529
100
387
514
202
403
397
772
221
3519
356
424
380
855
317
531
276
729
1000
1197
277
979
580
226
359
202
339
958
60
321
1039
353
636
927
1521
313
385
638
1939
871
409
569
773
989
905
690
499
779
967
350
1189
924
674
169
652
705
385
94
404
3215
553
607
1163
210
516
61
187
438
2598
288
216
1278
763
1221
1077
502
361
282
854
313
1887
340
157
331
983
453
350
2555
1190
741
1009
281
359
1031
317
106
682
1027
244
1308
1460
1866
117
2472
114
504
693
1172
913
974
143
695
1128
1455
1473
710
255
497
313
1621
1076
299
351
510
802
243
45
105
903
407
448
1352
530
212
462
389
1643
909
1245
159
408
693
394
649
440
411
1084
391
766
230
295
538
921
979
1991
336
1658
674
171
587
528
47
1879
775
734
367
306
78
1332
904
480
865
978
1884
619
658
805
319
990
1017
1184
2183
903
1649
826
1270
787
1005
668
898
267
1192
1470
388
79
289
1314
1466
1595
927
460
2226
512
808
290
738
723
361
