34
28
14
17
24
19
26
6
19
48
23
31
38
24
26
16
23
14
32
15
7
10
21
6
13
4
6
18
42
17
33
22
8
10
4
11
9
17
17
29
8
20
34
54
35
7
15
30
16
24
30
49
19
31
15
25
66
14
10
24
16
19
23
29
21
46
6
26
12
15
33
9
31
25
20
28
21
17
33
22
26
10
32
23
8
33
10
8
33
18
21
22
20
24
23
19
17
23
14
25
8
23
34
6
4
10
12
12
27
16
10
8
17
0
16
4
24
82
41
16
14
20
17
22
5
10
4
9
6
32
32
28
23
6
23
29
10
30
28
30
13
14
21
36
107
10
44
17
7
8
6
24
20
29
23
35
6
19
10
15
18
24
24
17
21
30
32
6
2
20
50
13
16
19
22
18
21
39
39
14
31
22
8
20
10
14
9
21
28
12
18
12
6
20
65
24
33
38
16
23
16
30
13
14
20
35
32
92
7
6
29
10
6
21
21
32
29
28
37
4
16
4
13
28
32
21
37
6
39
28
16
28
21
10
31
31
23
19
10
14
28
9
19
17
17
18
14
23
10
35
30
4
33
14
15
8
29
28
13
17
23
8
20
21
8
30
21
11
46
10
18
19
19
32
13
9
29
28
9
39
14
8
90
24
24
16
28
45
14
18
23
17
25
30
13
42
23
11
21
9
6
14
17
23
18
9
10
21
28
14
28
19
21
19
4
62
14
16
28
32
23
42
16
29
23
22
18
37
9
26
22
24
19
14
14
4
10
13
33
17
32
78
118
14
13
58
24
25
6
30
24
23
27
21
45
29
10
29
6
33
31
29
22
4
6
29
14
15
30
26
32
6
22
10
19
10
33
16
20
16
16
13
19
11
42
27
21
23
26
4
24
34
10
17
18
38
14
26
13
33
13
26
50
14
14
23
47
4
53
26
27
22
16
7
21
23
15
14
18
12
16
19
16
13
45
16
6
23
30
26
46
10
18
16
7
8
6
35
16
16
8
19
73
55
16
37
4
125
30
13
32
8
28
31
54
61
14
21
19
23
36
26
24
28
35
41
25
31
13
34
14
27
27
35
19
17
4
46
10
16
4
30
25
35
18
27
29
21
22
24
32
14
23
11
13
15
22
10
14
6
4
23
16
41
17
17
27
45
23
50
46
6
34
8
22
20
6
12
8
20
8
16
30
21
24
19
23
22
41
18
22
24
56
34
17
7
17
27
42
33
4
24
27
38
54
23
4
11
34
36
18
6
19
10
29
14
44
53
22
4
34
25
24
36
20
8
14
10
22
22
11
89
28
14
18
26
13
17
4
30
18
12
9
16
16
16
26
21
15
41
73
15
6
23
17
33
27
14
37
40
15
14
35
46
23
26
21
22
17
38
19
8
24
37
45
10
13
29
20
28
18
16
26
10
6
35
12
4
27
16
11
12
11
18
10
18
13
29
17
10
15
11
32
43
8
31
19
37
17
51
17
12
8
44
31
80
23
35
20
26
12
19
2
18
13
75
23
10
16
25
6
40
6
4
10
24
46
31
19
33
13
36
18
12
28
25
116
19
6
10
41
45
13
56
28
24
35
75
32
10
24
30
8
32
17
12
7
36
6
13
34
20
24
26
12
14
28
27
35
6
24
19
26
13
25
20
63
32
8
40
39
22
14
6
7
17
19
18
16
27
10
11
14
69
17
27
47
14
12
6
10
31
22
15
42
28
26
16
12
9
14
23
10
15
48
14
26
7
27
37
13
27
17
15
45
32
29
76
19
56
8
11
8
27
29
34
24
23
17
27
29
9
41
25
22
24
19
19
40
13
116
25
6
13
6
6
79
12
10
18
19
18
7
38
5
25
20
28
42
171
24
17
105
24
80
30
36
21
26
20
102
7
22
8
16
14
19
28
25
6
35
17
4
18
29
15
14
22
11
4
4
21
24
46
16
52
12
8
49
12
27
16
25
6
21
27
2
35
24
20
42
27
6
30
21
8
6
31
57
23
29
21
15
129
31
40
10
10
21
20
31
27
21
18
19
18
18
35
23
29
11
15
21
37
12
23
15
50
29
13
17
19
24
11
13
32
20
19
8
4
12
42
2
24
6
12
20
10
23
19
14
2
41
31
12
47
75
16
20
11
24
14
15
23
17
38
14
17
8
8
15
14
37
18
81
8
23
19
10
24
32
7
14
20
19
79
13
12
32
18
21
14
8
16
27
23
11
15
81
19
25
19
8
58
8
15
26
19
13
11
9
32
80
23
18
21
10
29
13
19
38
25
40
10
33
29
2
17
41
19
16
20
21
30
12
16
8
26
58
21
21
8
22
29
14
26
4
4
77
16
10
15
16
14
15
35
14
17
8
23
21
30
8
8
34
21
35
24
33
13
7
39
23
31
16
20
6
19
16
30
7
30
46
14
32
40
2
25
15
21
16
6
45
24
14
18
9
20
18
14
35
10
20
8
20
8
21
4
35
33
29
8
18
15
15
22
41
8
17
24
24
36
12
23
33
13
13
31
18
19
7
14
29
20
15
4
12
26
27
24
18
19
6
21
11
22
18
7
24
17
13
10
40
10
37
8
27
30
49
27
22
16
33
15
29
22
19
21
9
10
12
37
41
16
24
20
61
22
6
19
25
4
19
30
8
34
18
9
17
24
24
6
18
27
94
6
113
23
4
14
8
30
14
14
27
26
12
41
25
27
20
20
28
8
17
104
34
39
71
32
23
43
33
13
4
21
12
16
37
10
18
18
14
5
6
44
24
22
21
17
26
22
34
25
10
28
13
8
28
33
13
26
17
35
28
29
37
60
24
15
13
8
17
8
18
22
23
17
12
4
15
13
14
22
28
22
13
8
13
50
15
36
14
32
21
25
21
6
27
17
4
19
8
4
29
19
25
10
29
14
29
27
24
12
28
23
43
8
43
28
37
72
29
22
11
29
13
10
41
4
25
18
14
30
27
26
23
10
16
25
48
29
37
6
12
19
29
14
11
33
14
39
42
30
46
24
2
6
32
6
37
41
16
15
9
20
47
9
4
10
16
63
25
29
10
19
10
6
20
26
15
14
35
29
24
17
25
23
28
27
12
23
38
24
33
4
25
22
26
29
25
28
14
9
14
11
19
15
19
82
28
21
6
22
39
17
20
15
44
22
18
13
23
21
42
13
14
17
40
43
12
23
25
28
47
35
27
17
16
31
20
69
25
35
20
34
23
42
23
17
15
32
20
21
30
6
23
35
29
14
18
19
40
10
43
19
38
12
101
29
32
22
30
40
8
63
4
19
30
57
66
21
19
12
30
33
34
41
16
17
16
18
43
29
15
6
10
23
15
6
8
8
6
22
34
26
94
19
25
30
10
26
25
24
13
33
14
6
16
22
8
23
15
19
22
11
32
29
4
10
11
11
27
4
87
9
14
12
14
4
10
4
28
6
35
8
4
34
26
28
23
19
14
11
9
17
18
8
4
18
24
14
26
6
23
8
21
12
15
6
19
2
11
6
23
24
56
28
10
20
27
9
28
12
26
22
19
28
26
14
58
41
38
38
10
16
36
20
31
35
27
29
8
11
14
21
21
57
18
32
22
34
30
33
6
25
21
20
24
16
10
12
91
6
8
75
13
16
14
28
10
31
24
33
69
21
19
14
21
29
10
16
20
12
17
25
8
28
4
20
42
20
79
20
19
9
4
31
51
40
32
14
22
6
8
13
10
10
22
15
20
4
26
21
22
21
20
26
8
10
22
25
14
33
28
26
36
26
29
6
9
21
23
6
33
31
7
17
12
8
17
28
10
25
17
17
20
10
20
28
36
18
22
22
13
34
21
57
7
31
23
13
8
41
10
15
32
38
20
24
43
29
13
21
6
40
29
10
20
6
38
26
30
10
21
34
16
39
14
26
13
2
4
26
41
16
29
46
18
28
6
47
81
18
18
35
21
9
16
99
20
40
79
4
22
7
31
26
17
6
29
23
22
16
14
32
17
21
44
29
23
20
24
35
13
8
7
2
8
23
10
19
16
8
31
18
24
4
17
13
105
8
21
29
16
24
20
14
6
14
42
26
24
34
12
41
16
27
6
12
41
24
10
15
15
15
6
128
19
28
18
59
79
8
13
16
114
8
15
12
17
30
20
18
8
24
11
67
19
10
6
6
26
8
16
6
6
19
27
33
48
28
4
6
33
14
6
14
20
16
29
26
12
13
41
80
16
27
24
34
21
10
4
25
24
9
21
25
9
17
10
12
12
37
6
24
31
2
21
10
9
10
10
31
10
7
17
19
32
14
17
8
20
19
25
41
22
9
6
11
22
23
9
8
29
35
29
23
21
17
29
7
28
14
17
117
36
37
23
14
42
14
44
11
36
24
12
4
18
4
15
34
26
38
42
38
14
4
6
12
60
24
17
32
8
14
4
44
14
19
18
14
12
35
21
19
8
48
14
23
9
23
29
11
18
10
26
37
23
8
18
39
6
19
8
6
23
22
22
83
17
29
17
9
36
14
14
27
33
8
23
19
29
13
22
23
31
34
8
18
28
30
23
18
77
18
39
14
15
36
32
23
12
37
30
35
17
24
9
16
32
19
53
16
12
84
33
33
33
4
9
101
22
32
27
25
14
14
37
21
10
29
12
64
29
4
6
12
17
8
29
33
28
8
8
23
10
29
6
23
14
37
23
6
14
30
30
9
22
29
16
29
101
21
16
23
22
17
27
43
22
22
18
24
13
30
12
15
30
14
26
29
11
18
16
24
14
25
21
17
30
55
15
34
10
24
8
20
26
29
4
18
32
20
46
19
6
13
17
24
23
11
16
30
26
17
31
19
66
29
37
10
36
138
28
23
25
21
34
4
10
37
9
4
37
14
4
10
22
17
8
32
17
20
19
29
30
19
2
79
9
39
18
29
34
8
21
25
16
18
25
20
8
55
14
42
23
49
26
12
36
25
38
31
28
6
23
8
18
14
13
14
6
38
35
130
16
21
19
24
15
4
15
16
24
18
28
59
31
13
12
26
12
22
35
41
31
10
18
34
19
18
26
23
47
9
59
22
13
19
18
28
15
29
10
35
41
23
19
24
21
25
35
11
8
17
10
18
17
66
21
4
13
12
11
23
19
6
32
22
45
16
23
26
17
22
10
41
31
8
8
60
69
12
16
32
49
25
8
20
17
20
29
48
25
14
9
21
16
16
20
18
66
30
21
14
16
24
13
8
6
6
12
11
22
18
6
91
21
26
34
19
9
19
48
22
34
15
27
8
14
32
30
16
19
28
10
21
15
21
17
22
60
6
42
22
24
22
40
6
23
89
21
14
10
19
20
18
19
21
29
31
20
6
4
20
27
33
85
12
15
28
10
14
37
33
21
27
47
16
11
18
22
25
23
33
33
24
17
13
10
6
6
64
28
18
19
9
34
10
33
19
17
15
19
39
22
43
53
15
25
17
29
6
14
27
10
19
15
11
24
24
19
27
17
9
11
23
24
8
18
40
12
13
25
13
22
29
19
16
71
28
6
19
24
12
8
19
18
83
6
8
4
22
20
15
24
26
10
15
25
16
19
30
19
19
24
31
14
12
27
50
4
6
38
19
82
14
13
23
14
20
11
14
25
14
32
23
25
24
26
16
22
19
24
13
38
23
19
17
12
8
18
19
8
24
4
19
59
38
20
37
4
27
41
11
6
35
8
11
10
19
27
26
39
23
23
15
59
6
23
18
8
18
38
33
9
16
24
15
18
57
22
22
4
28
6
42
14
11
12
19
29
18
10
8
12
6
37
24
21
46
11
21
36
37
25
28
26
23
23
16
31
31
13
18
27
10
93
27
4
24
19
24
17
19
20
16
77
86
59
20
24
15
10
10
58
48
32
27
36
17
18
24
12
22
34
21
27
24
15
27
25
16
8
11
126
33
23
72
4
22
10
28
95
13
33
12
7
21
15
8
17
38
18
23
27
8
11
23
37
12
24
21
4
26
18
10
14
59
31
6
16
12
20
37
74
10
10
28
22
47
20
17
8
12
4
19
37
9
32
33
10
19
34
8
16
26
12
19
10
19
15
12
29
6
21
20
27
21
8
6
22
26
43
4
29
31
14
19
35
6
14
27
43
22
17
16
14
25
13
9
10
26
27
12
12
24
13
91
2
12
8
29
29
29
21
50
21
18
21
40
25
14
16
19
26
29
24
7
38
12
8
23
21
16
15
4
15
16
45
35
2
24
18
28
29
17
15
13
34
29
33
19
35
15
24
23
34
13
20
11
18
17
151
8
36
10
24
29
23
11
38
14
10
13
4
22
34
14
10
6
21
8
9
12
10
23
42
77
73
4
31
15
10
18
27
24
21
19
34
10
79
31
30
20
32
78
30
21
17
19
15
6
19
29
15
